AFFX-MurIL2_at	101	-44,-53,-5,-39,3,-33,-23,-56,-56,-54,-30,-83,-32,-89,-23,-69,-75,-57,-107,-44,-86,-77,-49,-98,-15,-5,-111,42,-72,-66,-32,-39,-44,-26,-21,-22,-47,4,-21,-59,-115,-68,-71,-89,-51,-42,-20,-93,-25,-8,-49,-126,-30,-72,-29,-37,-48,-41,-42,-61,-41,-111,-115,-72,-46,-92,-154,-123,-62,-29,-43,-80,-90,-86,-134,-64,-67,-72,-17,-2,-97,-76,-47,-66,-23,-33,-47,-31,-119,-83,-82,-115,-91,-127,-88,-109,-85,-45,-73,-97,-120,
AFFX-MurIL10_at	101	28,19,8,19,29,0,-2,23,25,29,30,11,9,22,12,14,9,24,-58,-75,-62,-64,-61,-86,22,28,-76,-67,-26,41,39,28,10,1,2,11,18,29,-14,51,-7,24,16,1,33,-1,4,-31,5,25,10,0,1,11,7,10,20,18,17,18,-4,-115,28,-60,7,20,-96,-86,4,-15,8,7,72,61,-51,-78,-17,22,39,77,64,46,-90,19,23,6,29,1,11,-31,-26,-78,-35,-28,-55,-131,-69,-61,-95,-190,-66,
AFFX-MurIL4_at	101	74,96,77,32,2,3,6,-27,-31,11,31,38,-12,13,1,109,24,33,83,72,125,68,85,111,55,19,163,67,8,89,82,13,16,1,39,17,36,-3,58,56,52,47,11,83,17,38,7,122,54,45,11,184,53,31,14,32,67,79,21,-46,14,-14,55,21,50,45,84,189,-31,8,-9,30,30,116,52,122,23,51,32,62,33,38,106,64,3,7,12,41,79,161,185,238,188,148,184,102,83,39,24,167,119,
AFFX-MurFAS_at	101	43,40,30,68,49,35,30,35,45,22,-7,41,51,43,36,58,39,67,48,112,68,62,58,76,43,78,57,50,28,54,28,55,57,18,73,37,47,42,69,66,112,38,54,53,28,31,18,69,41,26,36,98,9,113,41,23,72,75,31,45,36,58,96,1,52,6,71,15,68,38,10,54,27,33,60,28,42,46,40,76,66,56,46,67,50,54,46,94,56,36,144,238,126,6,-8,47,31,73,35,5,10,
AFFX-BioB-5_at	101	384,714,258,271,497,274,447,238,271,289,190,280,151,215,207,256,294,274,49,37,9,23,45,45,288,400,226,278,212,198,188,246,60,261,194,256,238,227,379,265,350,304,268,266,292,192,252,208,256,302,1261,409,187,340,52,176,358,283,735,524,153,397,176,373,356,381,1106,585,572,364,70,207,185,1005,367,613,232,243,127,177,227,281,130,301,200,2073,1414,60,57,52,194,48,160,17,39,18,27,62,73,64,53,
AFFX-BioB-M_at	101	387,774,214,239,329,235,372,190,180,249,123,191,168,155,179,157,342,309,111,73,36,76,-14,82,211,464,221,391,223,187,140,266,84,251,158,187,174,186,440,228,339,256,348,257,293,288,258,200,273,297,980,327,147,322,44,187,325,264,867,342,121,393,132,302,344,417,1144,513,577,353,78,285,241,724,308,470,177,222,103,18,282,260,135,280,169,2673,2020,38,-34,55,41,85,59,53,103,22,13,75,5,31,9,
AFFX-BioB-3_at	101	194,481,97,112,268,212,318,91,119,203,83,87,82,140,98,88,187,177,-228,-184,-237,-152,-194,-307,232,475,191,632,179,47,114,208,76,193,94,157,123,196,225,130,184,327,367,108,348,297,217,78,210,204,992,113,92,203,104,118,264,198,625,303,145,216,65,509,120,167,826,170,464,328,76,143,116,397,115,157,161,123,72,22,137,230,76,90,91,1964,1408,-83,-192,-237,-216,-342,-169,-243,-277,-209,-111,-2,-137,-73,-145,
AFFX-BioC-5_at	101	931,1716,572,650,874,697,1685,502,554,798,452,525,464,555,470,486,846,773,-104,-93,-132,-55,-103,-173,679,1243,911,1534,884,575,465,869,276,654,414,643,589,610,1160,902,1294,615,671,766,639,604,739,500,752,766,2964,996,452,816,373,460,1101,868,2106,1179,443,1035,436,1306,985,954,2802,1224,1413,1260,602,747,777,2345,936,1499,533,570,373,559,909,764,424,711,440,5972,4238,186,61,239,242,368,239,262,332,180,192,205,283,204,141,
AFFX-BioC-3_at	101	901,1937,491,656,848,674,1689,539,574,817,393,477,476,483,506,523,859,748,-67,-150,-138,-104,-77,-172,769,1528,744,1329,990,500,437,861,269,711,436,674,558,596,1328,1007,1402,639,607,722,699,637,841,468,817,801,3422,719,463,770,340,491,1140,875,2323,1217,334,753,252,1519,734,966,2997,802,1359,1164,823,759,776,2410,1003,1563,509,649,295,205,980,764,394,649,477,6713,4647,21,-42,15,28,46,-43,31,59,16,41,110,31,6,21,
AFFX-BioDn-5_at	101	1269,2513,791,845,899,841,1189,730,712,1186,589,776,680,777,639,637,1228,1001,-32,38,-108,-39,-91,-117,791,1585,1018,1107,740,620,703,876,355,788,463,699,620,676,1340,961,1331,1048,1029,1006,1085,941,858,728,987,1055,3320,1058,520,1374,857,458,1210,1030,2001,1423,557,988,427,1242,1261,1196,2792,1182,1603,1934,625,1181,1274,2205,934,1424,884,864,486,272,1486,1243,575,1077,692,8511,6110,326,264,370,432,573,304,387,551,337,258,453,361,346,404,
AFFX-BioDn-3_at	101	4091,7759,2072,3178,3018,3439,4705,2666,2656,4523,2319,2841,4001,2604,2400,2479,3856,3834,109,170,64,115,183,157,2741,4350,4105,4972,2992,2360,2270,2938,1926,3005,1699,3023,2483,2604,3970,3186,4149,4509,3983,3518,4308,3308,3509,2485,3725,3495,11590,4724,2276,4392,2444,1461,3712,3341,7790,4390,2403,4802,2285,5869,5827,5214,10573,6241,6737,7197,2332,3561,3515,7397,3085,4455,3374,2645,1991,1429,4212,4145,1821,3170,2316,14889,12689,1276,737,1231,1375,2047,1163,1278,1979,1204,1214,1614,1354,1418,1283,
AFFX-CreX-5_at	101	7578,12803,3501,5375,2294,1485,7036,4028,3970,8675,3630,4413,5818,4736,4111,3844,6401,6465,28,22,61,64,19,20,1585,3197,8488,7301,1971,4727,4050,2044,2415,1576,885,1510,1285,1281,3270,2350,3527,8372,8537,6038,8495,7037,1756,4742,6887,6570,5459,7111,3711,9954,3984,1000,2465,2138,5134,2528,3067,1709,2883,6985,8144,6782,4268,8112,2943,10425,3335,10431,10276,14143,6169,8640,6711,5157,3122,2612,13234,8942,3572,6671,4333,21735,16985,2982,2559,3849,4021,6634,3361,3889,5841,3885,2824,5078,3754,3262,3077,
AFFX-CreX-3_at	101	10262,16214,3552,6725,3348,2349,10188,5367,5505,12310,5133,6193,8597,6719,5880,5597,8222,8305,-80,-144,-171,-141,-148,-181,2651,4682,11127,13922,2752,6053,5810,2709,4116,2238,1559,2030,1816,2211,3597,2291,3152,12837,12655,6892,11384,11700,2337,6150,8977,8371,9366,9483,5020,13027,5751,1614,3980,3308,5966,4123,4845,2686,4016,12240,10265,7740,5361,11444,4730,14545,5977,11371,9183,16545,7475,9949,9533,7182,4552,3955,11080,12382,4867,8226,6199,23329,19249,3764,3293,4534,4790,7798,3858,4255,7120,4326,3940,6159,4166,4785,4407,
AFFX-BioB-5_st	101	2,-56,-2,-19,72,55,83,17,41,111,-35,64,62,90,37,-26,45,6,49,37,9,23,45,45,5,-17,74,6,146,50,15,15,-18,-18,70,-12,-12,64,52,28,93,23,53,5,29,143,3,51,11,11,67,-103,47,-44,-17,88,79,34,98,3,13,174,-7,116,260,129,-94,-127,-31,125,96,68,68,-65,-82,-34,30,94,51,151,219,107,32,264,62,60,135,11,182,367,508,249,270,450,134,155,44,256,61,242,277,
AFFX-BioB-M_st	101	124,3,-32,-15,-125,10,33,-34,-30,65,108,58,-35,43,31,55,13,-79,111,73,36,76,-14,82,20,44,-88,33,34,-77,-44,-34,39,-18,96,3,46,-1,56,35,78,-7,-30,15,26,-69,-41,-46,9,19,49,-96,-60,-103,-2,-41,39,67,23,-115,35,124,129,104,-67,35,-33,-170,-57,-94,32,-4,42,46,-15,4,-3,34,49,68,90,19,65,-88,35,6,8,-12,-43,-6,-56,3,-55,-17,-9,79,88,63,35,45,67,
AFFX-BioB-3_st	101	-161,-113,-92,-121,-153,-153,-122,-143,-142,-270,-182,-192,-88,-181,-89,-96,-56,-121,-228,-184,-237,-152,-194,-307,-74,-127,-180,-375,-119,-107,-138,-142,-47,-37,-136,-93,-113,-136,-121,-167,-171,-89,-42,-90,-60,-83,-59,-83,-73,-71,-134,-306,-78,-156,-63,-61,-114,-86,-80,-249,-172,-379,-284,-222,-218,-160,-370,-435,-289,-234,-74,-97,-108,-160,-179,-75,-139,-123,-73,-244,-174,-213,-108,-231,-61,-146,-126,-198,-357,-169,-233,-273,-184,-277,-235,-254,-109,-196,-168,-160,-211,
AFFX-BioC-5_st	101	-158,-112,-109,-107,-92,-29,-107,-62,-136,-164,-150,-66,-42,-134,-47,-104,-43,-60,-104,-93,-132,-55,-103,-173,-99,-88,-252,-413,-49,-68,-136,-63,-33,-40,-44,-67,-51,-54,-74,-64,-60,-120,-43,-42,-42,-107,-4,-33,-22,-39,-89,-212,-27,-57,-26,-19,-62,-94,-107,-85,-45,-41,-52,-30,-145,-16,-54,39,-19,-5,-47,-93,-102,-129,-158,-176,-81,-50,-197,-233,-125,-122,-123,-163,-34,-143,-151,-194,-274,-355,-224,-481,-434,-272,-280,-302,-291,-273,-295,-326,-353,
AFFX-BioC-3_st	101	-42,0,6,-12,-8,-7,-27,0,11,-82,-170,18,-21,-53,-40,-23,-11,-25,-67,-150,-138,-104,-77,-172,-45,-30,-16,-83,1,-13,-88,-58,-13,-8,-31,-11,-25,-25,-60,-11,-25,-33,-26,-11,10,-37,-12,-29,-2,0,-36,-37,-11,-16,-24,-11,-45,-30,-21,-35,-5,66,-32,57,9,-16,-43,-57,17,15,-24,-51,-55,-78,7,-33,-40,-42,-69,-48,-40,-90,-45,-85,-4,-71,6,-91,-84,3,-40,22,-27,-67,-32,-33,13,-40,-1,-44,-49,
AFFX-BioDn-5_st	101	-9,-49,-19,-33,-29,-45,81,-31,-16,-35,27,-29,-25,-20,24,23,-11,1,-32,38,-108,-39,-91,-117,17,-1,186,198,46,68,-38,-5,45,4,48,20,27,50,42,29,58,-47,-52,9,-77,-9,5,-37,34,18,-43,86,40,27,37,-17,38,61,11,-46,54,-62,34,-11,109,88,-110,33,-151,2,14,64,81,-53,-12,-36,1,22,-4,76,90,-21,26,-50,-38,90,97,57,28,37,-26,-259,-4,31,-26,-10,42,13,5,14,-44,
AFFX-BioDn-3_st	101	115,39,67,65,31,6,88,-3,15,-29,77,83,33,35,53,58,26,25,109,170,64,115,183,157,83,51,561,210,55,120,25,38,41,3,138,27,9,-18,56,65,154,46,145,59,73,91,26,61,30,24,104,39,69,129,3,-1,112,85,22,82,-16,10,157,102,60,33,122,127,152,130,17,88,104,103,46,26,2,50,9,8,180,19,80,65,54,164,69,189,141,143,187,170,142,184,214,186,165,128,101,144,40,
AFFX-CreX-5_st	101	-31,-9,-16,-30,-10,-39,175,-22,-39,-19,-24,-12,-59,-16,-5,-9,4,-37,28,22,61,64,19,20,0,4,-10,67,-28,-30,-43,-27,-4,-14,-14,-10,-12,-8,2,-21,4,33,6,1,50,41,-7,-23,-8,-22,-2,-56,-34,-43,16,-14,20,13,-9,-10,-29,-42,3,-3,24,-33,-72,-56,-28,-28,2,-8,-13,139,73,71,-9,20,-17,91,77,-7,-22,-61,26,24,55,0,38,89,93,118,57,77,77,114,90,115,117,30,81,
AFFX-CreX-3_st	101	-92,-69,-38,-63,-76,-55,115,-90,-98,-134,-117,-116,-86,-93,-72,-69,-91,-77,-80,-144,-171,-141,-148,-181,-49,-47,-348,-331,-65,-119,-144,-80,-59,-37,-96,-78,-71,-98,-69,-92,-82,-43,26,-93,-39,-40,-40,-68,-66,-75,-67,-131,-63,-129,-23,-41,-93,-88,-55,-124,-64,-245,-121,-120,-126,-100,-77,-221,-100,-109,-69,-44,-62,24,-56,-31,-61,-84,-80,-189,-109,-146,-64,-146,-41,4,-2,-137,-200,-132,-196,-206,-200,-199,-178,-112,-109,-111,-119,-203,-156,
AFFX-hum_alu_at	101	23567,18629,10666,9895,19883,14478,29829,8735,8985,19844,11634,15865,12787,14451,11172,11527,11565,14289,11099,11990,9424,8805,11805,12009,16608,20176,30485,53024,20770,12957,13713,20128,14427,15395,13512,15220,15455,13269,16999,17433,18456,21041,25142,12454,20013,19657,16941,14007,13930,12423,40369,21143,9912,23251,12220,8909,19394,19669,35259,23223,10074,21857,11744,37706,23496,13502,27372,14812,20308,20486,7748,11058,10363,35576,18812,22342,17544,13430,12325,8308,13873,18951,9216,18045,14400,10649,10552,12360,10335,13183,14029,20284,14633,12883,18452,13938,14123,16700,14667,16680,15199,
AFFX-DapX-5_at	101	1223,1897,613,846,962,629,16,555,592,885,476,672,830,693,646,801,1054,1293,61,98,144,132,98,106,908,1172,1653,1294,1175,967,634,926,543,662,831,771,600,582,870,598,751,832,847,933,1024,743,737,672,1110,1013,3250,1220,724,1065,602,507,1290,1194,1811,1072,489,853,474,1145,1231,841,1918,1285,1443,1682,18,1116,985,123,85,88,678,731,558,496,939,887,512,829,834,69,45,98,123,166,275,314,250,239,275,134,146,191,91,134,112,
AFFX-DapX-M_at	101	1772,2545,659,1211,1375,1010,24,917,1037,1312,834,1059,1427,1005,926,1087,1402,1501,18,-19,29,30,-3,-46,1300,1655,2210,1396,1331,1238,887,1336,846,917,1172,966,810,873,1132,816,1097,1092,1126,1274,1091,934,1155,917,1722,1571,4948,2062,1085,1669,721,573,1951,1728,2874,1717,842,1233,850,1716,1979,1317,3651,2390,2531,3152,4,1335,1162,-64,-9,-64,946,1139,700,651,1253,1249,828,1138,1239,101,89,25,-3,-17,-51,-40,-9,-12,1,-35,-13,-38,-26,-4,8,
AFFX-DapX-3_at	101	1694,2461,887,1160,1115,986,-3,907,931,1249,754,1060,1411,942,869,1104,1387,1443,5,-13,-16,-5,-20,0,1250,1532,2408,1504,1110,1202,852,1310,828,896,1115,988,838,816,1131,814,959,1025,998,1127,1069,916,1200,937,1564,1377,4359,1841,954,1484,717,588,1856,1700,2956,1656,797,1310,790,1780,1951,1389,3182,2089,2528,2822,-9,1198,997,9,0,-17,967,1094,723,541,1107,1297,761,987,1249,12,-12,-6,9,2,9,1,-11,2,-5,22,-8,-16,-5,-18,15,
AFFX-LysX-5_at	101	1214,1642,462,691,736,534,-3,570,581,709,595,666,879,625,650,794,894,969,14,-1,37,24,17,25,899,1188,1474,1321,695,765,613,955,547,642,835,683,634,559,985,669,866,849,745,769,760,659,790,616,956,1022,2612,1076,652,925,561,368,1431,1140,1789,1082,537,727,560,1612,1084,876,1855,1548,1363,1723,13,1056,913,40,6,41,650,825,468,348,888,805,616,818,825,4,8,0,4,28,33,37,22,41,49,33,30,30,16,33,28,
AFFX-LysX-M_at	101	1699,2669,562,1306,1260,1039,11,911,922,1257,742,970,1186,822,947,1126,1471,1537,56,-31,10,1,-8,-42,1445,2025,1524,1859,1348,1138,740,1240,747,1010,1460,1242,1084,882,1536,1099,1339,1079,1213,1164,1203,1073,1244,1045,1540,1495,5245,1561,916,1316,903,578,2029,1835,3395,1721,649,1260,692,2166,1784,1373,3875,2087,2352,2843,-6,1057,968,4,-8,-2,901,949,791,607,993,1080,616,998,1124,-44,-70,-37,-42,-72,-21,73,14,27,-21,-32,3,20,-39,-13,-39,
AFFX-LysX-3_at	101	2431,3362,916,1871,1971,1644,30,1409,1504,2133,1421,1497,2132,1478,1371,1553,2145,2304,82,87,99,104,131,62,2139,2841,3742,3911,2104,1766,1230,1934,1287,1596,2150,1726,1540,1471,2017,1478,2010,1597,1490,1736,1530,1331,1720,1439,1933,1954,7202,2590,1444,2081,1226,803,2490,2448,4303,2750,1300,2386,1376,4878,2746,2095,5296,3415,4130,4692,0,1520,1366,129,46,55,1377,1535,1070,884,1269,1368,1078,1500,1670,38,39,106,112,77,34,218,134,15,95,95,70,58,49,92,75,
AFFX-PheX-5_at	101	1154,1937,479,788,793,567,-7,617,623,833,573,667,942,631,621,770,984,984,-20,-32,40,3,-13,-17,1617,2096,1666,1996,850,792,603,1016,584,1362,2043,1651,1274,1330,2472,1505,1699,1195,1174,828,1255,1029,1105,690,1016,963,4260,929,712,992,1051,468,2107,1951,2096,1374,569,676,399,2078,1006,940,2037,1326,1414,1830,-13,848,772,32,-21,36,705,805,536,360,774,789,490,764,888,-4,-17,-23,-14,2,20,-27,11,-38,73,47,42,-20,-15,18,-11,
AFFX-PheX-M_at	101	1165,1800,465,760,934,749,-39,609,624,841,502,659,882,572,556,672,985,1004,-126,-45,-78,-68,-40,-71,1456,1966,1524,1172,986,731,541,1011,577,1416,1724,1430,1313,1111,2195,1320,1620,898,973,777,980,901,866,585,960,929,3778,1161,706,953,840,393,1924,1813,2379,1375,559,860,426,1857,1184,924,2708,1280,1715,2179,-33,826,693,-63,-110,-61,611,713,401,270,736,628,455,695,792,-41,-34,-51,-37,-32,-48,-95,-52,-82,-75,-68,-30,-41,-24,-28,-62,
AFFX-PheX-3_at	101	1295,1949,573,769,887,692,15,598,618,925,521,658,883,601,655,774,1085,1033,-49,25,22,24,48,5,1597,2160,1855,1859,1101,835,555,1154,670,1462,2014,1737,1439,1041,2279,1307,1629,1202,1385,799,1374,1252,1134,832,1143,1012,4149,952,687,1013,1064,458,1944,1927,2392,1294,536,1030,421,2214,1373,1114,2930,1416,1841,2048,56,871,739,40,-16,6,768,833,565,297,810,870,562,836,925,16,25,17,-35,115,90,141,52,-23,227,64,74,62,36,61,11,
AFFX-ThrX-5_at	101	1459,2149,612,1224,1087,1104,2,1016,1062,1466,845,1295,1542,905,922,1083,1247,1317,31,30,32,20,4,-7,1294,1632,2654,3135,1087,1064,805,1282,597,931,1327,1006,887,790,1111,781,920,927,982,896,965,866,1045,683,1318,1158,4240,1771,1063,1665,1044,598,1535,1474,2509,1820,792,1533,954,3722,1614,1161,3629,2313,2638,3341,0,922,764,0,2,0,1068,994,764,599,851,1177,723,1099,1194,13,39,-16,-29,58,77,102,86,34,2,15,15,10,41,25,8,
AFFX-ThrX-M_at	101	1066,1635,508,725,586,684,-5,629,587,898,487,703,893,598,558,734,1013,845,5,0,-12,11,12,-1,971,1199,1370,1546,784,648,541,1001,461,664,916,743,649,564,1008,662,870,628,666,763,699,622,779,575,942,821,3823,1038,603,897,724,407,1119,1117,1846,1133,458,935,538,2121,1106,825,2548,1230,1653,2025,8,768,665,-20,15,20,596,601,400,402,638,641,428,747,800,-1,-10,-12,-11,14,12,-8,-20,-21,-16,-27,-17,-4,-1,-20,0,
AFFX-ThrX-3_at	101	1676,2456,572,864,1001,889,-85,757,798,1343,632,927,1207,818,803,1078,1135,1135,-212,-140,-80,-117,-146,-92,1354,1804,1383,2190,1077,745,834,1058,567,904,1129,899,690,610,1024,684,942,815,866,897,857,823,1142,692,1281,1230,4432,1087,629,1369,1132,538,1452,1369,2882,1342,486,795,247,3598,1480,930,3013,1030,1864,2120,-67,944,770,-146,-80,-82,1196,855,851,423,695,1346,589,931,1270,-75,-92,-113,-130,-76,-18,-10,-135,-123,-53,-147,-91,-8,-103,-91,-125,
AFFX-TrpnX-5_at	101	1388,1924,746,982,997,874,24,847,905,1193,738,1012,1263,856,815,965,1189,1133,51,52,35,36,55,70,676,843,2021,44,1073,836,786,1053,803,21,9,16,13,41,21,-6,39,438,432,993,449,372,1081,804,1325,1138,3459,1426,847,1316,29,542,1003,982,2466,1442,685,1069,707,10,1446,1262,3424,1589,1815,2464,26,943,801,24,6,21,899,876,654,543,934,1075,692,997,1027,6,12,58,-10,42,22,21,13,21,-4,-9,22,55,54,31,10,
AFFX-TrpnX-M_at	101	538,997,310,446,314,301,-50,377,326,437,235,479,563,318,314,406,427,556,-56,-83,-17,-15,-53,-37,316,378,658,-129,292,353,335,522,328,-15,-17,-21,-14,-36,-23,-40,-77,303,301,424,249,265,369,450,571,401,1138,776,332,564,-18,238,292,323,1156,575,286,415,346,30,494,437,951,994,664,1142,-19,590,351,-17,-2,-8,399,397,260,147,317,477,265,456,524,-62,-71,-44,-58,29,29,24,24,24,29,-26,-9,4,-13,8,-5,
AFFX-TrpnX-3_at	101	1114,1624,437,694,767,613,0,650,627,870,548,717,933,664,620,709,845,915,17,16,28,-3,0,29,589,734,1270,43,651,728,588,840,538,-2,-13,-15,-4,-9,-19,-5,-4,364,288,760,401,362,770,591,1027,883,2648,1229,650,1040,0,342,733,737,1855,837,508,653,588,41,1207,878,2222,1477,1326,1756,-7,829,697,37,33,10,720,759,512,456,707,904,593,769,886,-14,-8,-18,24,17,21,-17,3,-6,25,14,12,7,21,20,24,
AFFX-HUMISGF3A/M97935_5_at	101	19,-7,4,13,4,18,26,24,21,22,33,42,32,37,43,35,0,7,145,114,170,195,79,174,18,-1,-42,-16,4,8,38,-11,9,6,18,-20,-4,7,4,6,17,30,10,9,26,28,26,-6,6,1,17,17,-2,56,49,127,180,172,5,16,44,22,-11,0,3,-35,-4,-3,60,11,27,0,-2,19,113,129,46,57,46,14,10,9,63,29,0,9,-6,32,8,55,39,-6,15,12,-5,102,159,-17,-13,10,-82,
AFFX-HUMISGF3A/M97935_MA_at	101	-53,-26,-26,-27,-42,-2,71,13,30,100,33,2,39,6,54,35,13,19,348,395,230,286,272,268,67,101,-13,147,3,-30,30,22,21,65,70,-2,24,93,62,49,99,98,40,18,115,103,0,-45,-8,3,-1,-58,4,82,364,443,789,901,10,101,129,-42,-29,184,-79,-84,-95,-59,46,102,114,37,19,137,45,172,182,142,63,46,24,174,165,-67,-15,67,64,-2,-49,13,-76,-196,-112,-74,-105,214,296,-154,-107,-102,-56,
AFFX-HUMISGF3A/M97935_MB_at	101	75,101,64,82,49,69,79,128,139,139,130,146,117,154,116,129,101,122,515,563,421,401,449,366,128,156,97,-12,48,56,151,93,91,137,128,55,83,167,208,201,196,207,246,238,191,161,66,87,68,82,89,121,103,270,371,481,870,803,36,194,243,108,38,137,87,54,27,61,46,38,137,112,136,236,225,277,260,216,140,120,211,258,298,46,69,116,109,99,135,246,199,145,179,201,98,381,317,72,61,51,63,
AFFX-HUMISGF3A/M97935_3_at	101	161,224,238,274,226,336,296,486,430,671,623,444,621,426,436,425,575,526,1377,1529,1139,1027,1172,1033,402,511,220,217,106,101,682,489,445,525,714,596,690,681,691,548,847,415,694,649,365,519,267,351,460,555,369,545,387,642,898,782,1936,1660,402,736,824,229,245,567,247,289,190,155,147,158,449,331,344,658,440,802,540,744,394,340,363,807,928,269,226,719,698,344,363,753,696,372,408,493,347,1420,1265,143,163,220,211,
AFFX-HUMRGE/M10098_5_at	101	121,68,-5,26,-34,-19,47,838,556,977,2990,583,526,3216,3084,2123,7,6,97,94,61,55,41,50,-2,-4,-21,180,-23,-17,232,-23,-11,36,53,0,-37,-47,1470,69,180,62,52,-35,51,62,-45,-34,49,32,-65,-33,8,429,753,480,24,10,-14,-97,-53,-160,-127,501,1543,322,-47,-173,-98,-67,105,-21,-19,38,75,44,559,1014,388,469,146,772,1519,292,225,70,75,2004,425,2376,2419,5196,3623,1403,2741,1262,2411,2192,1861,1906,1608,
AFFX-HUMRGE/M10098_M_at	101	329,85,8,-53,-96,-110,22,237,69,354,800,252,212,707,720,565,-6,-85,144,55,187,154,142,220,-20,-32,-398,37,-85,-175,143,-79,-83,36,88,54,-28,-80,5728,52,535,-62,-95,-86,-22,-41,-40,-69,-12,-43,-241,-372,-80,153,540,75,2,24,-40,-192,-141,-268,-260,1422,9777,4473,-206,-243,-208,-151,85,75,-21,20,136,27,224,480,180,84,127,321,723,156,165,44,39,859,311,3109,1773,5553,3646,1285,2198,908,1936,2026,1538,1250,1075,
AFFX-HUMRGE/M10098_3_at	101	31,71,76,-12,-61,-14,-54,343,417,1044,1500,477,346,1045,902,518,-48,-93,-2,6,159,45,159,-23,21,159,-168,-8,-36,-47,287,12,-33,31,-2,36,-17,-28,-10,31,-46,98,64,-81,-24,19,-10,-3,141,103,23908,10125,11,644,580,132,-14,0,-12,-67,-53,-84,-123,418,-50,-9,-48,-33,3,-27,265,137,-45,133,164,126,567,801,345,308,298,890,1082,489,404,43,-19,881,415,3172,2913,8776,5818,1598,2842,1884,3018,2550,2045,1946,1681,
AFFX-HUMGAPDH/M33197_5_at	101	4683,5514,5556,5911,8381,10280,7014,6231,6111,7160,5248,7377,7887,6095,5800,4916,5502,5215,13,20,55,48,13,-8,3024,3372,1727,1982,6155,5142,4089,5614,4366,3246,4741,1821,2622,3908,4204,6193,4173,3683,4191,4399,4627,3936,3145,3532,2896,2717,10501,9039,5735,5592,3891,6003,3999,3745,8121,5616,4373,11363,7896,7321,10042,8585,11806,9676,23117,23146,11429,10346,9941,11197,11609,12974,6930,6418,11062,9048,13300,13631,9476,16026,13129,11215,10006,13289,12681,13613,13808,12695,10242,10998,13426,18194,16870,13225,11784,16110,15753,
AFFX-HUMGAPDH/M33197_M_at	101	4148,4803,7014,6701,11267,9873,8256,5712,5776,6621,5541,6902,7592,5722,5760,5294,5772,5342,75,22,74,56,32,8,3606,4041,1641,1639,6098,4248,4147,5664,5175,3514,5086,3206,3040,3891,4439,5430,4303,3824,4738,4654,3983,4746,4367,4107,4210,4069,5937,6642,5417,4984,4568,5313,3609,3623,9335,4960,3643,11536,6677,8065,10941,8468,12385,8258,19630,19695,12082,9699,9883,11436,12316,12521,7865,6910,10480,6204,11426,13890,8023,14352,12514,12365,11230,11169,9348,11357,11782,12165,9513,9652,13044,14017,14137,12347,10842,15079,13782,
AFFX-HUMGAPDH/M33197_3_at	101	5714,7870,9549,9651,14359,12177,13393,7088,7303,10202,6963,10029,10392,7642,6788,6966,8225,8332,169,126,116,60,85,114,4886,6686,3342,2228,8616,7563,6362,9498,7388,6072,7357,6969,5544,6256,6375,8132,6549,5974,7094,5857,6083,6338,6062,6680,6386,6014,16065,10383,7362,8225,4459,5102,6125,5613,10379,9481,5465,16177,9826,9958,16737,11745,20305,13589,24530,24506,13277,11179,10930,18326,15154,14941,8909,8097,11000,7627,12791,14154,9040,16838,13863,14054,13439,13293,11452,13160,13465,16180,12360,12249,17345,15361,16627,14203,13431,17090,15673,
AFFX-HSAC07/X00351_5_at	101	7985,9134,3310,3574,4194,7888,7355,4977,4677,6103,4288,5000,4391,5680,5801,5005,7132,6062,9,-29,38,-66,-7,12,4659,5083,1984,3559,8964,7891,2988,5387,4666,5567,8817,4174,5469,6971,9952,12321,12537,7747,8455,9578,8460,10029,8124,9987,3147,2886,7122,7538,6093,5766,10803,8526,11980,11489,15600,6014,5491,8781,6325,6643,6375,5219,5939,5737,11264,9246,12103,10252,9777,11320,12316,13752,5111,5237,6779,4949,7171,10674,7531,6862,6118,9368,8034,11789,10586,11775,11845,12004,9245,11509,14721,10386,8891,10512,8769,16639,15181,
AFFX-HSAC07/X00351_M_at	101	10217,11064,4643,5162,6244,9783,10629,6229,6203,7175,5991,5663,5599,6878,7388,6777,9504,8525,114,69,92,115,81,73,5863,6915,2587,4494,10681,8978,4238,7289,6551,9245,12893,10102,9380,9776,12332,15021,15143,9927,11346,11966,10526,12497,13391,13274,5825,5716,9177,7859,8137,7799,12727,9458,14273,13892,22669,7529,6766,9923,7549,8916,8066,6578,7222,7223,12937,11446,13962,11082,11012,12220,13789,13144,6648,5648,8263,5913,8294,11913,8328,8415,8820,11507,11061,11526,10457,11045,11359,11790,9993,11330,14598,9698,9850,10020,9631,17899,16866,
AFFX-HSAC07/X00351_3_at	101	9800,11408,8939,8809,9573,10196,14165,6655,6562,6846,6294,5598,7907,7085,7510,6709,10876,11487,337,325,504,435,514,478,7275,7721,5180,5367,11266,10688,5245,9497,8422,9035,12302,13225,10955,8081,12379,14134,15775,11100,14323,12152,11220,15208,14224,13367,10358,9786,12714,10335,8714,8215,11690,8679,12204,13386,26710,9283,7492,10717,8574,9092,11428,9247,10347,11735,10825,12181,11645,11100,11386,16290,15634,13928,7067,6257,6468,5542,8445,11440,8098,10180,10565,13182,12284,11865,10769,12300,12885,14855,11739,12186,16656,11679,11234,12234,10852,17217,15853,
AFFX-HUMTFRR/M11507_5_at	101	110,86,35,35,70,44,73,47,51,123,96,52,52,94,76,47,44,56,121,88,93,61,108,124,88,107,199,233,214,99,77,34,43,42,25,24,29,51,70,78,117,206,113,72,65,62,14,5,30,21,76,48,57,40,80,240,86,87,59,139,56,105,157,122,289,317,176,76,52,50,263,113,88,183,278,483,560,534,392,382,280,224,192,74,55,117,87,308,176,179,186,188,164,202,249,204,199,196,206,191,197,
AFFX-HUMTFRR/M11507_M_at	101	40,33,-17,0,0,0,11,18,16,53,11,29,16,3,16,16,-11,-10,-25,-53,-8,0,-24,-29,30,36,59,11,50,35,10,11,-3,1,10,-5,1,8,16,33,20,99,-12,8,28,26,1,-11,-13,7,4,28,0,10,51,168,36,33,0,0,37,10,-28,69,156,161,-11,-21,-12,13,218,71,47,114,112,279,419,518,358,255,207,110,133,10,38,52,62,182,88,109,104,38,73,170,127,123,124,144,166,111,116,
AFFX-HUMTFRR/M11507_3_at	101	186,186,90,38,81,46,72,85,65,106,121,150,135,140,104,136,96,114,186,112,164,160,164,208,92,92,283,235,173,196,107,76,50,24,46,70,85,95,108,96,134,372,135,252,170,179,66,98,58,59,259,134,116,175,231,434,146,144,67,122,121,110,94,151,554,528,96,249,138,54,419,325,246,424,519,802,1138,1333,842,722,748,342,376,228,123,303,287,505,380,544,570,686,490,818,804,484,433,565,550,499,438,
AFFX-M27830_5_at	101	275,290,261,165,46,73,110,577,706,1059,998,779,691,1019,846,625,92,118,196,123,243,178,170,112,211,229,49,170,51,118,572,42,88,166,224,25,63,12,342,141,295,167,96,15,135,176,0,25,45,39,144,131,199,922,215,209,193,183,33,87,16,115,121,1591,188,224,116,89,95,213,128,108,73,304,760,406,655,1215,504,563,765,1850,2528,541,403,485,559,1578,938,2829,2770,3581,2836,4312,5878,2019,2771,2323,2056,4685,4212,
AFFX-M27830_M_at	101	355,346,133,159,43,168,391,230,381,541,408,458,413,565,487,412,149,162,169,197,221,261,211,200,414,449,382,1042,415,357,712,142,175,352,444,116,196,33,425,189,370,218,217,91,272,288,-7,42,167,273,-145,-497,295,945,319,298,535,483,163,-32,29,-791,-202,464,789,589,174,-50,226,234,414,221,207,755,1144,582,827,992,581,542,680,2501,2002,607,440,439,553,1081,766,1861,1814,3447,2497,3699,5263,1933,2194,2177,1709,4425,4016,
AFFX-M27830_3_at	101	211,180,136,86,-142,48,129,78,-168,-166,214,107,67,-123,138,173,112,215,88,57,137,78,56,-43,239,258,-256,-71,349,528,99,-18,62,87,293,169,254,277,47,261,285,21,-83,47,39,-37,83,97,243,223,-152,-37,214,-80,6,-72,44,87,181,227,113,55,253,-508,276,142,271,396,-51,174,50,101,309,402,189,360,39,321,125,371,366,99,154,-145,219,261,311,181,139,275,192,291,414,542,191,71,127,44,181,148,139,
AFFX-HSAC07/X00351_3_st	101	389,300,200,162,620,434,437,187,328,349,256,338,263,422,332,282,169,208,337,325,504,435,514,478,181,150,261,154,567,250,241,292,105,665,715,306,306,529,359,282,367,169,126,118,149,89,125,97,181,182,663,204,190,444,110,87,746,773,387,217,124,373,207,290,353,324,1175,375,666,836,88,235,194,1458,327,853,285,189,181,167,226,213,218,391,292,234,284,1600,693,1133,1186,1822,1455,1076,1127,729,1133,1211,1146,1003,807,
AFFX-HUMGAPDH/M33197_5_st	101	6,-7,-25,-20,62,45,-21,58,25,35,78,56,19,26,3,64,-9,-23,13,20,55,48,13,-8,6,-22,-61,18,0,25,-28,-27,-6,30,26,-3,22,-54,-16,-9,-93,9,44,33,3,3,1,-30,-32,-37,-109,-137,3,-56,5,-44,74,51,24,-4,44,-33,-11,-7,-18,3,66,-16,-4,88,37,-1,7,179,41,73,11,2,84,-48,11,43,67,51,137,-34,0,94,-105,28,196,173,157,167,177,88,189,187,176,249,169,
AFFX-HUMGAPDH/M33197_M_st	101	39,26,62,15,-7,76,61,53,38,32,54,58,-20,17,38,35,32,31,75,22,74,56,32,8,52,65,-76,-147,40,32,67,23,49,20,91,65,57,44,43,29,16,90,57,46,33,81,41,29,-1,20,-14,-157,117,27,72,28,48,100,23,51,80,114,134,50,12,58,64,26,160,116,28,15,-14,213,124,131,98,91,108,18,4,97,52,-5,151,45,69,121,84,174,164,163,232,148,95,132,198,189,223,263,255,
AFFX-HUMGAPDH/M33197_3_st	101	142,86,59,33,89,75,147,103,114,93,111,122,188,95,85,47,65,57,169,126,116,60,85,114,4,15,-108,71,86,29,53,53,29,65,55,24,64,34,56,73,92,91,116,39,122,31,41,28,19,52,251,112,61,60,30,30,52,64,50,60,32,124,137,85,146,105,277,105,209,193,112,87,62,330,224,215,66,72,44,64,126,76,46,67,113,54,60,445,183,305,292,460,391,266,308,257,393,398,393,388,372,
AFFX-HSAC07/X00351_5_st	101	45,-7,-11,-3,36,22,-31,22,48,4,5,76,59,17,10,62,17,23,9,-29,38,-66,-7,12,13,-26,105,-50,31,19,-55,0,-31,9,97,51,42,77,2,-5,31,27,-11,21,-47,-31,26,25,18,-31,26,-40,7,-1,-46,27,68,39,44,45,3,33,-53,133,20,-29,9,30,151,137,-28,-125,-48,-8,0,23,2,5,76,-11,-101,30,40,-42,2,-96,-11,234,75,50,-40,43,85,48,63,72,88,46,151,276,158,
AFFX-HSAC07/X00351_M_st	101	68,7,86,81,61,69,142,143,113,117,47,246,164,37,131,44,82,90,114,69,92,115,81,73,43,52,478,326,57,116,42,34,73,76,68,49,42,57,10,50,30,179,91,29,112,167,4,60,72,26,65,110,32,66,68,14,71,70,93,77,97,370,191,209,90,76,141,34,128,160,97,25,74,-16,96,-49,62,93,85,12,70,109,34,20,152,44,2,187,143,193,252,213,224,225,236,181,227,223,223,322,274,
AFFX-YEL002c/WBP1_at	101	-8,24,27,15,13,12,5,10,14,17,27,31,18,22,4,8,25,32,41,60,74,49,49,74,17,17,56,36,4,37,25,16,13,5,17,17,-3,3,42,-7,26,-4,-3,19,-13,3,-6,8,15,10,21,28,4,40,2,9,8,12,9,21,10,24,24,-5,17,58,0,22,36,52,0,11,6,77,15,62,-17,16,10,48,9,34,-9,44,5,15,7,53,65,130,157,208,105,124,121,62,37,37,37,90,77,
AFFX-YEL018w/_at	101	-26,0,-18,-5,12,-5,0,-3,-3,-123,-23,-17,20,-8,-12,1,6,-15,-45,-29,-16,-32,-36,-51,0,-3,-10,-71,-27,-8,-48,-50,-13,1,10,-23,2,-23,-17,-7,-41,-27,-19,-20,-18,-41,-10,-62,-1,-5,-65,-83,2,-26,-3,0,-12,-7,-8,-53,-19,-108,-33,-65,-66,15,-6,-45,-25,4,-16,-13,-14,-57,-39,-30,-50,3,-34,-91,0,-20,-3,-44,2,-32,-7,-35,-35,8,-24,-8,-55,2,-11,-45,-33,-31,3,-37,-5,
AFFX-YEL024w/RIP1_at	101	-8,-20,-14,16,-24,-7,10,-14,-6,-16,4,-21,-5,-2,9,-8,0,-3,28,-53,-11,-62,-87,60,0,14,-20,34,15,-2,15,0,3,12,19,18,15,19,1,10,12,-3,-4,12,21,30,18,-19,11,11,35,-35,-3,11,1,-3,-33,-22,-8,-3,10,-15,-47,21,-1,-20,-84,-111,-15,-3,14,14,22,65,-9,-15,13,28,8,56,27,31,-23,-3,-28,22,23,27,-17,-38,13,57,-53,-42,-80,-18,4,-5,30,-36,-25,
AFFX-YEL021w/URA3_at	101	104,129,111,90,68,34,121,36,32,57,90,28,69,70,66,68,62,82,222,192,222,155,113,260,86,109,85,210,50,122,123,99,56,43,68,38,65,69,72,80,64,36,70,83,98,94,37,89,56,79,34,97,69,114,92,56,126,118,38,163,67,66,85,53,123,44,92,24,35,28,89,144,130,219,64,172,77,88,60,137,149,72,86,78,88,160,126,215,233,196,207,198,143,197,275,192,153,126,86,98,92,
31307_at	101	-35,-10,-20,-21,-22,-8,-29,-15,-13,-48,-39,-18,-15,-31,-19,-12,-7,-17,-60,-53,-37,-73,-60,-67,-18,-22,-49,-88,-29,-26,-36,-9,-8,-8,-15,-11,-15,-21,-16,-7,-11,-16,-8,-13,-8,3,-5,-11,6,8,-27,-33,-13,-14,-12,-4,-35,-14,-17,-19,-26,-13,-10,-29,-19,-16,-17,-34,-23,-14,-12,-11,-14,-61,-23,10,-28,-18,-46,28,-7,-16,-21,-43,-12,-27,-28,-41,-17,-21,-24,-55,-29,-25,-24,-39,0,-17,-18,-21,-8,
31308_at	101	108,64,73,36,14,43,-8,30,36,10,-13,150,38,42,-5,120,91,-2,152,149,146,141,103,140,4,34,102,229,-30,-37,-18,28,28,0,89,74,94,-2,14,-28,25,193,191,100,213,186,50,68,25,10,19,68,23,96,82,47,-27,35,18,73,31,-12,-32,266,-40,-60,133,89,109,62,64,73,74,125,88,56,132,-31,3,-14,104,16,-24,18,80,-43,-23,-48,166,102,-15,270,104,-48,229,129,167,120,68,101,17,
31309_r_at	101	86,23,57,57,66,42,13,70,62,3,24,91,79,86,46,76,56,53,149,113,133,53,92,132,81,49,72,294,42,74,66,41,33,29,53,71,71,89,63,23,31,305,293,78,277,81,30,83,48,31,107,172,47,83,74,28,129,110,51,80,70,23,71,191,137,76,95,170,92,82,19,17,19,173,69,115,30,70,40,-21,63,67,54,101,51,6,-2,53,115,161,192,155,179,204,201,167,135,176,155,177,200,
31310_at	101	3,15,46,-27,5,21,36,28,34,21,29,67,48,54,29,52,34,56,29,27,-15,35,9,69,38,36,-24,24,-76,74,1,6,36,0,39,24,24,25,61,44,63,15,67,-37,86,69,-14,13,35,-2,-35,96,-58,-44,48,-1,56,13,11,30,47,55,34,26,73,72,49,91,53,58,29,24,-12,29,-27,-15,-23,-17,-15,-67,-10,-8,21,-49,-20,-15,-16,-35,31,30,-40,-61,-63,-61,-56,62,45,0,-35,-21,64,
31311_at	101	146,85,37,-27,-67,7,17,-53,-35,88,28,-47,115,-3,71,69,-1,11,351,126,287,272,261,178,78,23,-455,-426,70,157,0,63,128,19,116,74,60,65,63,66,14,73,2,44,106,43,-18,41,13,24,18,195,31,106,92,45,172,130,75,-63,-1,-205,-103,-228,-53,116,-205,-521,-160,-89,37,20,-21,273,126,141,84,37,78,191,47,112,65,125,58,-42,-17,95,197,225,335,160,273,161,304,212,157,200,216,196,215,
31312_at	101	-34,-16,-12,-39,-18,-37,-34,-66,15,-33,-56,48,14,-95,-32,6,-33,-36,-225,-131,-73,-44,-150,-139,15,-10,-81,-378,-1,-35,-107,-36,-1,3,9,45,0,-28,6,-38,-20,-168,-25,-65,-80,-133,-13,-42,-25,-8,-80,-279,-1,-45,19,4,111,87,72,-83,-24,-1,-23,46,-10,12,342,220,191,0,-60,16,22,-135,51,-32,-26,-7,66,-59,18,-162,-24,-129,16,-36,-41,-58,-14,91,141,98,154,13,33,69,196,37,23,230,17,
31313_at	101	-104,-98,-71,-30,-45,5,-40,-48,-70,-111,-82,-46,-44,-98,-23,-85,-67,-53,-337,-173,-226,-312,-273,-276,-55,-29,-129,-56,-55,-76,-74,-85,-74,-59,-67,-29,-35,-89,-75,-56,-124,-132,-149,-98,-93,-125,-44,-117,-39,-47,-113,-207,-74,-70,-51,-70,-147,-76,-114,-70,-99,-33,-58,-45,-71,-50,-38,-89,-13,-7,-79,-57,-110,-205,-200,-153,-42,-18,-47,-63,-121,-77,-56,-97,-43,-48,-26,-160,-220,-241,-323,-335,-166,-182,-201,-318,-195,-158,-91,-134,-151,
31314_at	101	26,25,21,51,37,5,3,11,33,32,16,56,59,80,50,44,38,34,42,35,83,47,27,125,16,14,52,133,14,28,72,35,18,17,32,34,28,38,-2,24,46,48,50,10,49,62,18,40,39,20,100,141,14,93,16,23,-1,57,18,51,80,52,39,45,64,56,57,-17,42,55,16,23,19,73,38,43,17,61,17,167,5,101,132,66,34,-11,14,81,52,51,60,94,43,21,23,8,26,69,97,82,60,
31315_at	101	85,-73,10,71,-8,34,33,-8,70,27,52,78,41,47,79,92,27,37,60,127,187,317,315,119,100,75,233,192,32,65,97,75,64,73,138,122,-11,41,131,809,1471,-121,-11,61,11,-3,42,136,193,78,1156,1121,2022,3162,473,375,2164,2679,4280,167,167,-37,271,99,196,34,250,306,734,625,11,-37,-34,-3,93,29,20,58,75,32,-111,57,58,-3,55,-27,-4,80,80,923,959,-15,-28,46,-18,64,76,10483,8753,143,-11,
31316_at	101	11,0,0,0,-12,-6,2,-12,0,5,-3,-3,-22,-9,-5,-2,0,5,-14,-6,-25,-3,-25,-21,-11,4,-15,6,-3,-16,-7,-3,-10,0,-3,-4,-3,2,-5,-12,-23,-22,10,6,-16,20,-4,-1,8,-4,23,-8,-2,-21,-4,0,-9,-12,7,7,-4,0,-8,24,-18,-10,7,-25,-11,-6,-7,3,1,0,6,2,-6,-1,-23,-32,1,3,-11,-6,-5,-6,-7,-2,-22,-21,-21,-50,-47,-25,-34,-13,-6,-16,-1,-13,1,
31317_r_at	101	528,290,618,737,724,812,766,491,615,608,732,648,713,501,384,255,358,506,760,729,672,672,697,863,505,376,1275,1339,319,711,208,408,472,132,490,360,456,745,413,526,568,247,255,345,215,294,251,385,305,325,758,1072,560,645,193,196,484,419,409,472,393,1416,1280,299,775,697,1180,1218,1187,1135,302,374,243,798,448,609,294,436,379,772,497,340,496,602,413,364,362,736,984,799,1023,1192,1022,1045,1003,802,752,723,935,736,814,
31318_at	101	-20,-29,-12,-22,-11,-8,7,-51,-30,-7,-31,-44,-41,-39,-25,-36,-18,-11,-61,-36,-42,-67,-36,-85,-17,-2,-56,-74,-5,-29,-36,-14,-9,-3,-13,-21,-18,-3,-27,-10,-30,0,-41,-28,-29,-6,-15,-42,-25,-17,0,-25,-21,-39,-6,-9,-19,-10,-19,-28,-57,-58,-51,-29,-47,-32,-51,-141,-8,-8,-7,-15,-17,-70,-19,-38,19,-12,-6,12,-31,-6,-38,-47,-13,10,-3,-13,-50,-45,-96,-121,-105,-84,-68,-35,-23,-18,-43,-23,-37,
31319_at	101	-48,-31,-95,-77,-49,-75,11,-3,-66,-18,-26,9,-51,-42,-12,-5,-23,-43,-23,-64,17,2,-46,-6,-12,-23,-197,-386,2,-76,-72,-54,-11,8,0,-27,-61,-19,-12,25,396,-57,-115,47,-94,-59,-32,1,-3,23,287,195,533,456,22,1,67,101,560,-39,-23,-121,-123,-110,53,62,35,-28,-15,109,-17,-3,-33,-111,14,79,4,-32,-83,0,-36,10,57,135,46,-39,-2,-27,-120,-54,-49,1533,1291,-86,-28,961,808,-37,-62,-80,-32,
31320_at	101	-79,-160,-73,-5,-98,-52,-58,2,-91,-69,-172,-27,-145,33,-115,-130,-40,-22,131,114,-190,-121,-164,-203,-137,-79,-231,-842,-61,-46,-234,-30,36,-106,-52,-157,-30,-136,-129,-94,-190,-337,-280,-18,-246,-242,-88,-67,24,-4,424,-1168,17,31,-181,-19,-87,-62,-1,-160,6,53,-106,-140,-49,-111,2,107,92,51,-92,8,-72,-258,0,-35,-149,-170,-125,-259,-53,-178,-33,-292,-41,86,102,-53,-477,-441,-543,-73,-392,-129,-426,-282,-343,-229,-374,-370,-326,
31321_at	101	85,76,52,68,62,35,33,71,89,76,64,59,61,106,33,61,43,60,135,141,137,150,87,119,83,69,151,97,11,85,89,24,58,15,28,60,37,74,19,29,53,110,27,103,0,101,19,50,33,55,162,266,53,37,58,48,93,75,45,69,34,179,33,46,78,5,-4,50,106,20,37,59,81,166,118,112,64,98,60,196,128,116,100,136,77,31,47,176,166,221,182,330,178,243,233,225,153,99,153,161,173,
31322_at	101	22,15,22,39,-13,7,39,25,21,10,25,15,47,-3,7,14,19,12,56,34,64,70,56,72,5,-9,9,-16,-2,16,19,23,-3,17,21,11,20,9,22,20,29,9,46,10,15,40,7,0,0,1,50,27,11,-3,7,-3,79,63,-1,27,28,11,9,114,18,13,15,48,38,26,18,18,5,26,24,11,30,30,-6,18,7,21,35,4,21,25,0,22,13,58,55,12,66,49,19,64,37,25,-2,42,48,
31323_r_at	101	95,72,56,-2,-108,-99,47,-75,-1,-60,-30,-5,10,76,14,42,74,26,21,-199,-68,-15,74,84,38,-1,614,-160,-324,-140,-69,2,106,1,112,94,127,0,-6,-82,-147,-218,-137,90,-140,-49,82,56,19,-36,255,173,-51,-73,-123,0,89,105,-215,-75,-1,-44,-104,13,-16,-194,554,126,-157,-127,-30,-83,-132,80,-160,103,8,8,54,5,-110,60,-44,-51,4,-150,-43,167,-233,13,-37,57,-26,-20,-165,-4,-161,256,158,-2,1,
31324_at	101	236,199,91,78,88,39,76,89,90,188,144,105,93,122,148,85,71,86,128,195,179,182,126,145,111,96,244,304,49,31,79,58,41,59,174,87,97,98,161,142,177,115,81,56,36,105,48,66,127,131,93,202,78,76,57,19,214,211,21,210,178,157,169,294,82,61,158,172,57,73,19,48,56,258,43,173,60,91,78,81,94,51,95,97,97,1,38,76,83,101,107,196,110,146,93,109,23,61,94,63,74,
31325_at	101	-75,-64,-80,-44,-20,6,-39,22,-12,47,-38,-27,-80,-79,-16,-48,-60,-74,-254,-219,-196,-166,-217,-271,-3,-15,-187,-100,-81,-89,-52,-74,-77,-24,-75,-28,-71,-71,-82,-74,-156,-102,-126,-79,-30,-63,-35,-79,-35,-25,41,16,-25,-63,-32,-40,-23,-11,-42,-32,-54,-99,-118,-38,-168,-98,10,-130,55,52,-47,-109,-90,-146,-128,-130,-60,-63,-56,-102,-87,-31,-47,-102,-26,-62,-65,-138,-170,-92,-138,-315,-222,-208,-224,-118,-73,-88,-134,-110,-139,
31326_at	101	22,-112,-151,-148,-59,54,-20,-47,-20,-86,-96,-50,-78,-121,-92,-33,-146,-160,-149,-244,-130,-103,-155,-228,-16,-2,-239,-239,16,189,-83,-43,-53,-7,-3,-2,-1,-57,-23,-152,-101,-88,-110,-133,-60,-122,-59,-105,-78,14,-200,-295,-120,-113,-97,-84,-61,-112,-166,-162,-136,-276,-134,-79,47,69,-150,-162,-198,-194,-19,-131,-124,-30,-141,-213,-91,-52,-63,-99,-103,-73,-180,-16,-165,-206,-188,-26,-112,-222,-296,-105,-42,-218,-112,-276,-103,-205,-112,-104,-75,
31327_at	101	6,5,27,3,-4,-3,1,4,33,10,4,13,-11,3,14,4,-5,9,-23,-22,7,-14,-18,-24,-5,2,-26,-44,3,-2,-6,11,5,1,4,1,0,21,-1,5,0,7,-4,-11,19,6,11,-4,3,13,34,37,14,12,10,10,-5,16,17,23,4,-7,-7,11,8,7,0,19,19,-1,-14,5,5,-40,9,16,18,18,18,28,-26,-29,0,-7,-2,-15,-12,3,2,4,34,79,63,13,2,19,-6,20,40,28,13,
31328_at	101	71,94,11,44,4,86,63,80,25,48,15,108,115,73,60,86,73,88,85,88,86,94,94,150,52,114,164,281,-23,0,25,20,74,60,108,84,87,107,112,60,66,59,119,69,74,124,0,35,33,43,-67,63,-33,80,63,7,87,81,9,3,2,1783,1296,1401,-16,64,180,143,60,52,44,34,23,26,34,13,-9,37,44,-14,63,20,69,-3,33,16,-40,116,138,123,157,71,15,121,-45,50,13,159,39,75,23,
31329_at	101	30,4,8,6,0,6,13,1,1,11,0,0,2,6,0,28,16,91,184,129,138,125,49,63,19,0,13,36,5,136,16,17,-2,19,79,71,16,76,18,45,4,117,28,46,96,60,6,4,22,12,-1,2,-8,10,14,1,22,34,7,0,8,-28,-8,41,-2,19,-3,-53,-21,-13,62,9,29,286,147,258,-1,25,14,44,15,22,21,14,11,11,12,86,35,81,118,134,196,57,192,103,125,132,96,65,102,
31330_at	101	4258,6125,2472,3035,3423,2371,2529,2565,2512,1976,1756,1498,2324,3349,3283,3284,3132,2951,4583,4548,6120,5770,5684,5648,3602,4243,6220,11270,4908,4143,3532,6438,5685,6415,5164,5451,6263,5073,5780,6677,6123,9608,8835,8407,10295,9830,9051,7685,4214,4109,10523,7047,5815,6259,5019,5648,9548,9284,20571,5352,4016,3216,2511,3637,7339,6018,7222,6001,6731,5990,10127,7570,7552,18441,15352,14149,12027,10438,8298,7173,10266,16609,10523,17246,14544,10036,9248,6184,5923,13183,13734,14470,11795,11023,15300,10961,10836,13542,12159,16005,14952,
31331_at	101	-43,-47,-11,-23,-16,-17,15,-13,-16,-12,2,-38,-6,-23,-8,-24,-24,-32,-72,-33,-73,-54,-48,-49,-16,0,-36,-46,-2,-23,-18,-13,-7,-3,-12,-5,-12,-28,-39,-9,-28,-14,0,-18,20,3,7,-33,-19,1,16,-44,20,-19,-17,-14,-28,-16,-10,-16,-15,-31,-43,11,-77,-57,-55,-128,-28,-30,-3,-21,-31,-26,-66,-50,-11,-32,-1,35,-47,-19,-34,-37,-16,-3,1,-37,-48,-77,-139,-196,-54,-78,-169,-138,-53,-60,-76,-46,-46,
31332_at	101	-14,2,9,-10,20,19,-4,31,10,-21,17,23,9,2,3,9,13,4,26,28,29,6,2,40,7,-11,-19,-36,6,11,-14,-13,3,-5,-12,2,-7,-2,3,1,14,5,-8,20,23,-13,0,0,13,11,8,3,12,9,-7,1,3,-2,3,3,5,5,8,6,20,9,3,41,-12,40,-6,1,2,4,0,16,6,-7,-6,2,-4,-12,11,-18,8,26,-3,10,27,14,3,-14,-1,3,-1,-21,-3,12,7,-25,23,
31333_at	101	50,15,16,20,10,2,-5,3,5,-10,9,19,0,-2,7,5,16,20,8,26,-8,19,1,24,25,8,6,-62,42,21,20,15,6,1,1,8,3,14,0,9,-4,-64,-42,23,-36,-5,7,11,6,0,-7,-4,21,9,2,12,20,44,0,20,-3,-10,7,-18,17,23,1,-5,11,40,-5,-1,-4,63,11,60,-6,23,11,19,8,-11,9,-7,22,-9,1,-3,-8,0,48,79,62,-18,36,56,25,32,-17,65,54,
31334_at	101	-49,6,24,24,6,2,30,15,18,-18,32,29,151,37,21,18,4,16,-29,-71,27,22,-28,-71,-20,2,99,-7,28,64,31,25,34,-1,22,12,-6,3,-17,70,-30,-269,-254,35,-140,-302,13,21,35,10,-74,278,17,13,-7,-10,24,-3,-18,9,24,9,64,-18,33,35,47,126,24,85,-8,17,0,-109,21,3,7,27,-21,22,-24,-39,41,17,-5,1,4,43,71,35,123,-22,41,-19,-31,58,-11,-28,94,-9,26,
31335_at	101	-6,-73,-8,-64,-28,-5,-12,6,18,-2,-4,-8,3,32,4,2,-10,0,-112,-114,48,-63,-8,23,-6,-32,-98,-163,-64,46,-24,-11,-2,-26,-23,-13,-43,8,3,-30,-30,-41,-32,-46,39,-7,6,-27,-7,45,-88,-4,-26,-23,-5,-21,-4,-57,-91,-20,2,-44,13,45,-59,-40,-112,-29,7,-39,-30,-54,-75,-57,-5,3,19,8,-24,53,-35,7,-3,-112,-67,-55,-23,0,20,68,72,78,-29,69,60,-46,-24,76,17,83,-18,
31336_at	101	-4,-13,-28,-7,-12,5,0,-24,-22,-18,-5,-13,-25,-32,-18,-24,-8,-10,-53,-31,-52,-43,-38,-53,-9,1,-65,-22,0,-32,-11,-20,-2,4,1,-15,-17,-16,-23,-26,-21,8,2,-4,-8,10,-3,-10,-6,-12,12,-54,-12,-15,9,-10,4,-14,-1,8,-37,-6,-39,17,-21,-20,-15,-108,-27,-13,9,-6,-12,-73,-7,-43,-1,4,-2,-8,0,-30,-7,-31,-16,-2,2,-16,-33,-49,-64,-123,-51,-86,-62,-60,-62,-31,-45,-82,-46,
31337_at	101	-79,45,-263,-249,-214,-105,-145,-95,-129,-215,-160,51,54,-241,-93,-5,8,-226,-265,-252,-78,-47,-177,-307,47,-119,631,672,-265,-192,-22,-67,-10,0,18,35,117,-37,-271,-231,-123,36,-50,-86,51,65,-92,0,-148,-140,-344,-592,-48,-30,-34,-147,-27,16,-121,-255,-13,-376,-426,-6,-215,-123,-14,96,1,-204,43,-185,-199,214,95,151,-201,-126,22,112,-267,-152,-13,-275,-17,-65,-17,-324,-476,6,249,184,467,334,315,-104,345,-226,-65,216,-67,
31338_at	101	27,12,10,13,11,4,3,6,7,21,15,22,9,14,2,14,5,-6,20,7,29,27,0,7,44,45,28,-7,8,1,14,5,8,1,16,1,3,21,14,14,2,21,4,6,9,-9,-4,22,14,-3,0,-14,-5,5,13,10,23,21,-13,13,10,-16,-2,16,5,4,11,7,-2,0,20,23,9,14,24,44,10,14,34,58,35,15,17,10,17,1,12,10,20,23,10,46,16,37,24,23,31,24,10,43,21,
31339_at	101	-59,-54,-66,-63,-81,-34,-78,-42,-61,-46,-63,-37,-113,-73,-25,-35,-48,-55,-159,-153,-102,-86,-184,-203,-22,-46,-134,-192,-60,-49,-64,-47,-35,-18,11,-7,-29,-28,-86,-59,-63,-51,-71,-39,-68,-73,-17,-19,-39,-48,-81,-158,-39,-69,-34,-44,-37,-53,-66,-86,-54,-195,-143,-119,-76,-49,-118,-116,-56,-57,-89,-18,-52,-118,-176,-93,-97,-60,-23,-64,-73,-62,-42,-52,-44,-52,-17,-96,-84,-80,-120,-175,-55,-115,-147,-116,-78,-107,-89,-107,-73,
