29 samples max 100000
#size: indel	mGap	hGap	double
    1:  -376	-359	-397	0
    2:  -430	-412	-454	-1186
    3:  -458	-443	-478	-1186
    4:  -480	-467	-497	-1137
    5:  -509	-492	-532	-1186
    6:  -532	-512	-558	-1137
    7:  -549	-528	-578	-1186
    8:  -562	-540	-595	-1137
    9:  -578	-555	-611	-1038
   10:  -589	-564	-628	-948
   11:  -603	-578	-642	-923
   12:  -613	-585	-659	-918
   13:  -625	-597	-670	-896
   14:  -640	-611	-690	-901
   15:  -646	-617	-694	-905
   16:  -660	-629	-714	-860
   17:  -672	-641	-730	-846
   18:  -679	-649	-733	-856
   19:  -689	-659	-741	-846
   20:  -701	-670	-757	-848
   21:  -708	-678	-760	-829
   22:  -718	-686	-778	-835
   23:  -727	-696	-781	-833
   24:  -740	-710	-791	-828
   25:  -746	-718	-791	-817
   26:  -758	-725	-818	-823
   27:  -768	-738	-821	-829
   28:  -777	-748	-826	-823
   29:  -782	-758	-816	-830
   30:  -789	-759	-840	-833
   31:  -798	-770	-845	-818
   32:  -809	-786	-843	-829
   33:  -809	-780	-857	-818
   34:  -818	-788	-869	-819
   35:  -831	-806	-871	-828
   36:  -838	-807	-893	-830
   37:  -835	-818	-857	-827
   38:  -852	-832	-880	-828
   39:  -857	-832	-895	-827
   40:  -872	-848	-907	-829
   41:  -872	-848	-905	-833
   42:  -876	-853	-910	-829
   43:  -880	-855	-916	-843
   44:  -888	-863	-925	-840
   45:  -900	-884	-921	-850
   46:  -890	-866	-926	-831
   47:  -899	-876	-930	-844
   48:  -914	-890	-948	-848
   49:  -913	-905	-921	-860
   50:  -925	-910	-941	-846
   51:  -919	-901	-943	-855
   52:  -934	-911	-965	-844
   53:  -934	-918	-956	-851
   54:  -954	-954	-954	-857
   55:  -948	-926	-980	-847
   56:  -937	-914	-969	-868
   57:  -941	-914	-984	-869
   58:  -969	-954	-988	-870
   59:  -969	-962	-972	-874
   60:  -976	-956	-998	-872
   61:  -976	-943	-1029	-866
   62:  -988	-998	-976	-865
   63:  -993	-998	-988	-862
   64:  -988	-965	-1015	-882
   65:  -1003	-993	-1015	-876
   66:  -988	-972	-1009	-877
   67:  -1003	-980	-1038	-862
   68:  -1003	-993	-1009	-878
   69:  -1009	-984	-1038	-887
   70:  -1003	-1009	-998	-886
   71:  -1029	-1038	-1022	-886
   72:  -998	-998	-998	-885
   73:  -988	-965	-1022	-886
   74:  -1029	-1009	-1047	-892
   75:  -1022	-1047	-998	-878
   76:  -1003	-976	-1038	-883
   77:  -1047	-1071	-1022	-886
   78:  -1029	-1015	-1038	-882
   79:  -1009	-993	-1022	-888
   80:  -1038	-1071	-1009	-907
   81:  -1029	-1029	-1022	-900
   82:  -1022	-1015	-1029	-896
   83:  -1038	-1022	-1058	-884
   84:  -1038	-1071	-1015	-895
   85:  -1029	-1029	-1029	-893
   86:  -1047	-1047	-1047	-916
   87:  -1071	-1108	-1047	-913
   88:  -1047	-1087	-1022	-913
   89:  -1038	-1058	-1015	-910
   90:  -1058	-1058	-1058	-899
   91:  -1038	-1071	-1015	-911
   92:  -1038	-1108	-1003	-918
   93:  -1108	-1108	-1087	-901
   94:  -1047	-1087	-1022	-910
   95:  -1038	-1047	-1029	-914
   96:  -1071	-1058	-1087	-901
   97:  -1058	-1108	-1022	-900
   98:  -1058	-1071	-1038	-923
   99:  -1071	-1087	-1047	-919

And selected samples:
    1:  -359	-397	0
    2:  -412	-454	-1186
    3:  -443	-478	-1186
    4:  -467	-497	-1137
    5:  -492	-532	-1186
    6:  -512	-558	-1137
    7:  -528	-578	-1186
    8:  -540	-595	-1137
    9:  -555	-611	-1038
   10:  -565	-626	-955
   15:  -619	-698	-886
   20:  -669	-752	-840
   30:  -763	-833	-826
   40:  -842	-899	-829
   60:  -956	-989	-868
   80:  -1022	-1027	-891
  100:  -1078	-1033	-914
  150:  -1148	-1052	-944
  200:  -1177	-1054	-949
  300:  -1037	-1155	-966
  400:  -1192	-1147	-972
  500:  -1253	-1224	-1004
 1000:  -1344	-1344	-1069
 2000:  -1426	-1450	-1138
 5000:  -1630	0	-1223
 10000:  0	0	-1312
 20000:  0	0	-1403
 50000:  0	0	-1584
 100000:  0	0	-1765

int pos[29] = { 1,2,3,4,5,6,7,8,9,10,15,20,30,40,60,80,100,150,200,
	300,400,500,1000,2000,5000,10000,20000,50000,100000,};
int xGap[25] = { -359,-412,-443,-467,-492,-512,-528,-540,-555,-565,-619,-669,
	-763,-842,-956,-1022,-1078,-1148,-1177,-1037,-1192,-1253,-1344,-1426,
	-1630,};
int yGap[24] = { -397,-454,-478,-497,-532,-558,-578,-595,-611,-626,-698,-752,
	-833,-899,-989,-1027,-1033,-1052,-1054,-1155,-1147,-1224,-1344,-1450,};
int bothGap[29] = { 0,-1186,-1186,-1137,-1186,-1137,-1186,-1137,-1038,-955,-886,
	-840,-826,-829,-868,-891,-914,-944,-949,-966,-972,-1004,-1069,-1138,
	-1223,-1312,-1403,-1584,-1765,};
