>MA0030 FREAC-2 FORKHEAD 
1	10	7	9	
10	7	5	5	
17	4	2	4	
13	5	5	5	
3	11	8	0	
7	0	20	0	
0	0	0	27	
27	0	0	0	
27	0	0	0	
27	0	0	0	
0	25	0	2	
27	0	0	0	
16	4	2	5	
7	4	6	10	

>MA0031 FREAC-4 FORKHEAD 
1	1	17	1	
0	0	0	20	
19	1	0	0	
20	0	0	0	
18	1	1	0	
1	18	0	1	
20	0	0	0	
7	2	3	8	
>MA0032 FREAC-3 FORKHEAD 
4	4	5	3	
2	5	6	3	
4	4	3	5	
6	4	5	1	
7	3	2	4	
0	0	16	0	
0	0	0	16	
16	0	0	0	
>MA0106 p53 P53 
5	8	2	2	
3	7	6	1	
4	0	13	0	
5	0	12	0	
13	0	4	0	
0	17	0	0	
17	0	0	0	
0	0	0	17	
0	0	17	0	
0	11	0	6	
0	16	0	1	
0	16	0	1	
1	0	15	1	
1	0	14	2	
4	0	13	0	
1	14	2	0	
15	0	0	2	
2	0	0	15	
1	1	14	1	
1	2	1	13	
>MA0033 FREAC-7 FORKHEAD 
7	1	4	11	
10	4	2	7	
6	3	6	8	
13	4	4	2	
4	10	2	7	
21	0	2	0	
0	2	0	21	
22	1	0	0	

>MA0108 TBP TATA-BOX 
15	11	18	10	
23	9	14	8	
7	9	30	8	
23	1	18	12	
9	19	26	0	
0	0	0	54	
54	0	0	0	
0	0	0	54	
54	0	0	0	
5	0	0	49	
54	0	0	0	
36	0	0	18	
19	3	32	0	
3	24	24	3	
13	14	14	13	
11	16	13	14	
>MA0035 GATA-1 ZN-FINGER, GATA 
13	14	15	11	
0	0	53	0	
50	2	0	1	
1	0	1	51	
13	6	25	9	
6	16	22	9	
>MA0036 GATA-2 ZN-FINGER, GATA 
13	13	18	9	
0	5	48	0	
52	0	1	0	
0	0	0	53	
25	7	15	6	
>MA0037 GATA-3 ZN-FINGER, GATA 
25	14	4	20	
0	1	62	0	
61	0	1	1	
0	0	5	58	
39	1	4	19	
15	3	37	8	

>MA0071 RORalfa-1 NUCLEAR RECEPTOR 
15	1	2	7	
9	1	0	15	
6	12	4	3	
11	2	5	7	
21	0	4	0	
0	0	25	0	
0	0	25	0	
0	0	0	25	
0	25	0	0	
25	0	0	0	

>MA0072 RORalfa-2 NUCLEAR RECEPTOR 
9	8	8	11	
17	2	7	10	
15	0	3	18	
35	1	0	0	
23	0	0	13	
2	12	13	9	
0	0	0	36	
28	0	8	0	
0	0	36	0	
0	0	36	0	
0	0	0	36	
0	36	0	0	
36	0	0	0	
15	6	10	5	

>MA0074 RXR-VDR NUCLEAR RECEPTOR 
3	0	7	0	
0	0	10	0	
0	0	9	1	
0	0	0	10	
0	9	0	1	
9	0	1	0	
4	2	0	4	
2	4	2	2	
2	0	8	0	
5	0	5	0	
0	0	10	0	
0	0	0	10	
1	0	0	9	
0	9	0	1	
7	1	2	0	

>MA0079 SP1 ZN-FINGER, C2H2 
1	1	4	2	
2	1	4	1	
0	0	8	0	
0	0	8	0	
0	5	2	1	
2	0	4	2	
0	1	5	2	
0	0	6	2	
1	1	6	0	
2	0	0	6	

>MA0003 AP2alpha AP2 
0	0	185	0	
0	185	0	0	
0	185	0	0	
22	71	46	46	
19	57	61	48	
55	44	67	19	
53	30	91	11	
19	16	137	13	
9	78	79	19	

>MA0007 Androgen NUCLEAR RECEPTOR 
9	7	2	6	
9	2	3	10	
11	3	3	7	
16	1	7	0	
0	0	22	2	
12	6	1	5	
21	2	0	1	
0	24	0	0	
15	0	8	1	
4	9	2	9	
5	11	2	6	
6	9	9	0	
3	5	1	15	
0	0	24	0	
4	0	0	20	
11	5	1	7	
1	22	1	0	
3	16	1	4	
6	7	5	6	
6	5	9	4	
10	11	0	3	
5	11	6	2	
>MA0040 HFH-1 FORKHEAD 
4	4	3	7	
13	1	3	1	
5	2	0	11	
3	0	0	15	
0	0	18	0	
0	0	0	18	
0	0	0	18	
0	0	0	18	
17	0	1	0	
0	1	4	13	
6	0	3	9	

>MA0041 HFH-2 FORKHEAD 
11	3	26	7	
30	2	0	15	
24	1	0	22	
1	4	0	42	
12	0	34	1	
0	0	0	47	
1	0	0	46	
5	0	10	32	
14	0	21	12	
6	7	0	34	
1	2	4	40	
0	12	0	35	

>MA0042 HFH-3 FORKHEAD 
6	1	14	10	
4	8	12	7	
11	4	8	8	
0	0	0	31	
13	0	18	0	
0	0	0	31	
0	0	0	31	
0	0	0	31	
15	0	16	0	
0	0	7	24	
8	1	4	18	
2	1	4	24	

>MA0046 HNF-1 HOMEO 
5	0	14	2	
1	0	20	0	
1	0	0	20	
1	0	0	20	
20	0	0	1	
16	2	1	2	
1	0	0	20	
8	2	4	7	
14	0	1	6	
2	0	0	19	
0	4	0	17	
13	1	3	4	
8	8	3	2	
5	13	0	3	
>MA0047 HNF-3beta FORKHEAD 
6	7	3	1	
11	3	1	2	
8	3	1	5	
0	1	0	16	
11	0	6	0	
0	1	0	16	
0	1	0	16	
0	0	6	11	
9	0	8	0	
0	9	0	8	
1	1	1	14	
0	5	0	12	
>MA0016 CFI-USP NUCLEAR RECEPTOR 
0	1	37	0	
1	0	36	1	
0	0	38	0	
0	0	38	0	
0	0	0	38	
0	36	1	1	
35	0	3	0	
5	25	3	5	
5	8	22	3	
6	10	16	6	
>MA0017 COUP-TF NUCLEAR RECEPTOR 
0	0	2	11	
1	0	12	0	
12	0	1	0	
6	7	0	0	
0	13	0	0	
0	3	0	10	
0	2	0	11	
1	0	0	12	
2	0	11	0	
6	4	3	0	
6	5	1	1	
1	10	1	1	
3	6	0	4	
0	3	3	7	
>MA0018 CREB bZIP 
0	7	5	4	
3	5	4	4	
0	3	6	7	
2	3	11	0	
5	1	7	3	
0	0	0	16	
0	0	15	1	
16	0	0	0	
0	16	0	0	
0	0	16	0	
1	5	0	10	
5	6	3	2	

>MA0099 c-FOS bZIP 
5	2	12	0	
0	0	0	19	
0	1	18	0	
18	1	0	0	
1	6	9	3	
1	1	0	17	
6	13	0	0	
18	0	0	1	
>MA0024 E2F Unknown 
0	0	0	10	
0	0	0	10	
0	0	0	10	
0	4	6	0	
0	2	8	0	
0	10	0	0	
0	0	10	0	
0	9	1	0	
>MA0065 PPARgamma-RXRal NUCLEAR RECEPTOR 
10	12	7	12	
7	13	8	13	
19	4	6	12	
13	1	27	0	
17	0	24	0	
0	0	41	0	
0	0	39	2	
0	2	0	39	
2	37	2	0	
41	0	0	0	
41	0	0	0	
39	0	2	0	
0	0	41	0	
0	0	39	2	
0	2	0	39	
2	36	1	2	
38	1	2	0	
10	12	4	15	
13	15	9	4	
7	10	12	12	
>MA0066 PPARgamma NUCLEAR RECEPTOR 
3	8	14	3	
3	0	0	25	
19	0	9	0	
0	1	27	0	
1	0	26	1	
0	1	4	23	
2	23	3	0	
26	1	0	1	
5	15	4	4	
5	7	10	6	
4	2	18	4	
1	0	2	25	
2	5	20	1	
22	5	0	1	
1	27	0	0	
0	25	0	3	
3	12	0	13	
22	5	0	1	
5	12	6	5	
7	0	1	20	

>M00191 ERE
6      4      4      6      
4      9      3      4      
12      4      3      1      
6      1     11      2      
3      2     11      4      
3      3      4     10      
3     10      3      4      
11      2      4      3      
4      9      3      4      
3      6      3      8      
2      3      9      6      
0      1      0     19      
1      0     19      0      
20      0      0      0      
0     18      2      0      
1     18      1      0      
2      7      2      9      
7      1      8      4      
8      5      3      4	

>M00191 ERE 1st half short
6      1     11      2      
3      2     11      4      
3      3      4     10      
3     10      3      4      
11      2      4      3  

>M00191 ERE 1st half long
6      4      4      6      
4      9      3      4      
12      4      3      1      
6      1     11      2      
3      2     11      4      
3      3      4     10      
3     10      3      4      
11      2      4      3 
4      9      3      4      
3      6      3      8     	

>M00191 ERE 2nd half short
0      1      0     19      
1      0     19      0      
20      0      0      0      
0     18      2      0      
1     18      1      0  

>M00191 ERE 2nd half long   

3      6      3      8      
2      3      9      6
0      1      0     19      
1      0     19      0      
20      0      0      0      
0     18      2      0      
1     18      1      0      
2      7      2      9 
7      1      8      4     

>M00199 AP-1
4.79   2.30   3.06   1.30      
0.00   0.00   0.00  12.15      
0.00   0.00   9.83   2.32      
11.28   0.00   0.00   0.87      
1.28   4.71   6.16   0.00      
0.00   0.00   0.00  12.15      
1.46  10.70   0.00   0.00      
12.15   0.00   0.00   0.00      
0.89   1.22   5.91   2.17      

>M00173 AP-1
6      1      7      0      
3      5      6      0      
0      0      0     14      
0      0     14      0      
14      0      0      0      
0     13      0      1      
2      1      2      9      
4      6      2      2      
8      4      1      1      
2      2      7      3      
6      1      1      6

>M00188 AP-1

10      2     10      1      
5      6     12      0      
0      0      0     23      
0      0     23      0      
22      0      1      0      
0     21      0      2      
2      2      2     17      
9      9      3      2      
16      5      1      1      
3      6     10      4      
6      4      3     10      

>M00174 AP-1

14     12     23      7      
18     17     18      3      
0      0      0     56      
0      0     56      0      
55      1      0      0      
3     44      5      4      
4      5      7     40      
13     30      5      8      
38     10      5      3      
11     13     18     14      
11     15     10     20      

> M00172 AP-1
6      2      8      1      
3      5      9      0      
0      0      0     17      
0      0     17      0      
17      0      0      0      
0     16      0      1      
3      2      3      9      
4      7      2      4      
9      6      1      1      
4      3      7      3      
6      3      1      7      

>DPE

9   2   9   4
2   6   14   2
9   3   3   9
3   9   3   9
6   6   8   4
3   10   3   8

>Inr
2  8  2  14
3  14  2  6
18  4  2  2
5  7  7  7
7  5  2  12
2  8  4  12
4  8  4  10

>M00008 SP1
2      1      6      2      
3      1      6      1      
0      0     11      0      
0      0     11      0      
0      8      2      1      
3      0      6      2      
0      1      7      3      
1      0      8      2      
1      2      7      1      
3      2      0      6      

>M00196 SP1

32     21     35     20      
24     20     56      8      
14     10     65     19      
17      1     89      1      
0      0    108      0      
0      2    106      0      
19     80      0      9     
2      5     99      2      
0      1     99      8     
21      5     76      6     
17     10     72      9      
3     55     21     29      
9     40     32     27     

> M00252 TATA 
61    145    152     31      
16     46     18    309      
352      0      2     35      
3     10      2    374      
354      0      5     30      
268      0      0    121      
360      3     20      6      
222      2     44    121    
155     44    157     33    



> M00216 TATA
3.00   3.89   2.48   3.99      
0.00  10.19   2.66   0.52      
0.33   3.33   0.00   9.71      
9.76   0.00   0.00   3.61     
0.00   0.00   0.00  13.36      
13.36   0.00   0.00   0.00    
12.40   0.00   0.00   0.96   
13.36   0.00   0.00   0.00    
13.36   0.00   0.00   0.00   
3.92   1.36   6.11   1.97     


