10020
10029
10036
10041
10047
10089
10090
10093
10116
10141
10160
10181
1026970
109478
116960
118797
1230840
127582
132908
13616
143302
1706337
185453
186990
225400
230844
246437
28737
29073
29078
29088
291302
29139
30522
30538
310752
32536
34839
34884
34886
35658
37032
38626
391180
40151
419612
42254
43179
43346
482537
491861
51337
51338
59463
61383
72004
73337
74533
79684
885580
89462
89673
90247
9258
9305
93162
9361
9365
9371
9402
9407
9430
9615
9627
9646
9669
9685
9691
9696
9704
9708
9713
9731
9733
9739
9749
9755
9785
9793
9796
9798
9823
9837
9838
9880
9913
9915
9925
9940
9974
9978
9986
9994
9999
